function magVec = magVec_Fcn(in1,in2)
%MAGVEC_FCN
%    MAGVEC = MAGVEC_FCN(IN1,IN2)

%    This function was generated by the Symbolic Math Toolbox version 8.5.
%    30-Aug-2021 00:45:36

q1 = in1(7,:);
q2 = in1(8,:);
q3 = in1(9,:);
q4 = in1(10,:);
t2 = q1.^2;
t3 = q2.^2;
t4 = q3.^2;
t5 = q4.^2;
magVec = [t2.*1.181760952660976e+1-t3.*1.181760952660976e+1-t4.*1.181760952660976e+1+t5.*1.181760952660976e+1-q1.*q2.*6.117036165833703+q1.*q3.*1.06871028374007e+2-q2.*q4.*1.06871028374007e+2-q3.*q4.*6.117036165833703;t2.*3.058518082916851-t3.*3.058518082916851+t4.*3.058518082916851-t5.*3.058518082916851+q1.*q2.*2.363521905321952e+1+q1.*q4.*1.06871028374007e+2+q2.*q3.*1.06871028374007e+2-q3.*q4.*2.363521905321952e+1;t2.*(-5.343551418700349e+1)-t3.*5.343551418700349e+1+t4.*5.343551418700349e+1+t5.*5.343551418700349e+1+q1.*q3.*2.363521905321952e+1+q1.*q4.*6.117036165833703-q2.*q3.*6.117036165833703+q2.*q4.*2.363521905321952e+1];
