function magVec = magVec_Fcn(in1,in2)
%MAGVEC_FCN
%    MAGVEC = MAGVEC_FCN(IN1,IN2)

%    This function was generated by the Symbolic Math Toolbox version 8.5.
%    24-May-2021 11:07:31

q1 = in1(7,:);
q2 = in1(8,:);
q3 = in1(9,:);
q4 = in1(10,:);
t2 = q1.^2;
t3 = q2.^2;
t4 = q3.^2;
t5 = q4.^2;
magVec = [t2.*(-2.287913204370475e+1)+t3.*2.287913204370475e+1+t4.*2.287913204370475e+1-t5.*2.287913204370475e+1-q1.*q2.*2.626424735614372e+1+q1.*q3.*1.746810091811507e+2-q2.*q4.*1.746810091811507e+2-q3.*q4.*2.626424735614372e+1;t2.*1.313212367807186e+1-t3.*1.313212367807186e+1+t4.*1.313212367807186e+1-t5.*1.313212367807186e+1-q1.*q2.*4.575826408740949e+1+q1.*q4.*1.746810091811507e+2+q2.*q3.*1.746810091811507e+2+q3.*q4.*4.575826408740949e+1;t2.*(-8.734050459057535e+1)-t3.*8.734050459057535e+1+t4.*8.734050459057535e+1+t5.*8.734050459057535e+1-q1.*q3.*4.575826408740949e+1+q1.*q4.*2.626424735614372e+1-q2.*q3.*2.626424735614372e+1-q2.*q4.*4.575826408740949e+1];
