function magVec = magVec_Fcn(in1,in2)
%MAGVEC_FCN
%    MAGVEC = MAGVEC_FCN(IN1,IN2)

%    This function was generated by the Symbolic Math Toolbox version 8.5.
%    20-May-2021 14:04:33

q1 = in1(7,:);
q2 = in1(8,:);
q3 = in1(9,:);
q4 = in1(10,:);
t2 = q1.^2;
t3 = q2.^2;
t4 = q3.^2;
t5 = q4.^2;
magVec = [t2.*1.368750372393247e+1-t3.*1.368750372393247e+1-t4.*1.368750372393247e+1+t5.*1.368750372393247e+1+q1.*q2.*1.111990069513412e+1+q1.*q3.*1.07913381330685e+2-q2.*q4.*1.07913381330685e+2+q3.*q4.*1.111990069513412e+1;t2.*(-5.55995034756706)+t3.*5.55995034756706-t4.*5.55995034756706+t5.*5.55995034756706+q1.*q2.*2.737500744786494e+1+q1.*q4.*1.07913381330685e+2+q2.*q3.*1.07913381330685e+2-q3.*q4.*2.737500744786494e+1;t2.*(-5.395669066534251e+1)-t3.*5.395669066534251e+1+t4.*5.395669066534251e+1+t5.*5.395669066534251e+1+q1.*q3.*2.737500744786494e+1-q1.*q4.*1.111990069513412e+1+q2.*q3.*1.111990069513412e+1+q2.*q4.*2.737500744786494e+1];
