function magVec = magVec_Fcn(in1,in2)
%MAGVEC_FCN
%    MAGVEC = MAGVEC_FCN(IN1,IN2)

%    This function was generated by the Symbolic Math Toolbox version 8.7.
%    08-Sep-2021 11:41:23

q1 = in1(7,:);
q2 = in1(8,:);
q3 = in1(9,:);
q4 = in1(10,:);
t2 = q1.^2;
t3 = q2.^2;
t4 = q3.^2;
t5 = q4.^2;
et1 = t2.*1.181760952660977e+1-t3.*1.181760952660977e+1-t4.*1.181760952660977e+1+t5.*1.181760952660977e+1-q1.*q2.*6.117036165833689;
et2 = q1.*q3.*1.06871028374007e+2-q2.*q4.*1.06871028374007e+2-q3.*q4.*6.117036165833689;
et3 = t2.*3.058518082916844-t3.*3.058518082916844+t4.*3.058518082916844-t5.*3.058518082916844+q1.*q2.*2.363521905321954e+1;
et4 = q1.*q4.*1.06871028374007e+2+q2.*q3.*1.06871028374007e+2-q3.*q4.*2.363521905321954e+1;
et5 = t2.*(-5.343551418700348e+1)-t3.*5.343551418700348e+1+t4.*5.343551418700348e+1+t5.*5.343551418700348e+1+q1.*q3.*2.363521905321954e+1;
et6 = q1.*q4.*6.117036165833689-q2.*q3.*6.117036165833689+q2.*q4.*2.363521905321954e+1;
magVec = [et1+et2;et3+et4;et5+et6];
