function Q = Q_Fcn(dT)
%Q_Fcn
%    Q = Q_Fcn(dT)

%    This function was generated by the Symbolic Math Toolbox version 9.0.
%    10-Nov-2021 20:11:25

mt1 = [3.604127151283208e-4,0.0,0.0,0.0,0.0,0.0,0.0,4.268449580753373e-4,0.0,0.0,0.0,0.0,0.0,0.0,7.669213132220835e-4,0.0,0.0,0.0,0.0,0.0,0.0,4.38555181476376e-3,0.0,0.0,0.0,0.0,0.0,0.0];
mt2 = [6.480886893172821e-3,0.0,0.0,0.0,0.0,0.0,0.0,2.841641562552831e-3];
Q = reshape([mt1,mt2],6,6);
