function Q = Q_Fcn(dT)
%Q_Fcn
%    Q = Q_Fcn(dT)

%    This function was generated by the Symbolic Math Toolbox version 9.0.
%    24-Sep-2021 14:29:10

mt1 = [(dT.*8.055656553821564e-2+2.236262379681612).^2,0.0,0.0,0.0,0.0,0.0,0.0,(dT.*8.602270870712546e-2+1.313070372031579).^2,0.0,0.0,0.0,0.0,0.0,0.0];
mt2 = [(dT.*2.831314927881531e-1+4.820209694184127).^2,0.0,0.0,0.0,0.0,0.0,0.0,(dT.*3.985940620834598e-3-1.126812513616801e-2).^2,0.0,0.0,0.0,0.0,0.0,0.0];
mt3 = [(dT.*3.401197824382432e-3-1.311015844382979e-2).^2,0.0,0.0,0.0,0.0,0.0,0.0,(dT.*2.00959903402234e-3-1.447906471632674e-2).^2];
Q = reshape([mt1,mt2,mt3],6,6);
