function Q = Q_Fcn(dT)
%Q_Fcn
%    Q = Q_Fcn(dT)

%    This function was generated by the Symbolic Math Toolbox version 9.0.
%    21-Oct-2021 11:00:17

mt1 = [(dT.*3.985940620834598e-3-1.126812513616801e-2).^2,0.0,0.0,0.0,(dT.*3.401197824382432e-3-1.311015844382979e-2).^2,0.0,0.0,0.0];
mt2 = [(dT.*2.00959903402234e-3-1.447906471632674e-2).^2];
Q = reshape([mt1,mt2],3,3);
