function R = R_Fcn(dT)
%R_Fcn
%    R = R_Fcn(dT)

%    This function was generated by the Symbolic Math Toolbox version 9.0.
%    21-Oct-2021 14:53:28

mt1 = [(dT.*4.698552240547271e-3+6.495281709453091e-1).^2,0.0,0.0,0.0,(dT.*1.373789489995688e-3+7.878470583458637e-1).^2,0.0,0.0,0.0];
mt2 = [(dT.*2.990748419728657e-3+6.606739589323201e-1).^2];
R = reshape([mt1,mt2],3,3);
